0 82
0 84
0 90
0 96
0 101
0 104
0 105
0 111
0 112
0 120
1 1
1 12
1 16
1 19
1 32
1 48
1 49
1 50
1 51
1 52
1 53
1 54
1 55
1 56
1 57
1 58
1 59
1 60
1 61
1 62
1 63
1 64
1 66
1 71
1 73
1 75
1 76
1 78
2 17
2 21
2 27
3 0
3 3
3 4
3 8
3 14
3 40
3 41
3 42
3 48
3 49
3 50
3 51
3 54
3 55
3 56
3 57
3 58
3 61
3 62
3 63
3 77
3 80
3 81
3 82
3 84
3 85
3 86
3 87
3 91
3 93
3 102
3 105
3 111
3 115
3 121
3 126
4 44
4 80
4 88
4 104
4 106
4 108
4 115
4 117
4 119
4 120
4 121
4 124
5 64
5 67
5 71
5 72
5 74
5 98
5 119
6 58
6 88
6 89
6 92
6 113
6 114
6 115
6 116
6 117
6 118
6 119
6 121
6 125
7 0
7 2
7 4
7 5
7 6
7 13
7 21
7 24
7 28
7 29
7 51
7 54
7 57
7 58
7 60
7 61
7 62
7 63
8 81
9 18
11 14
11 98
11 99
11 100
11 101
11 102
12 6
12 70
12 109
12 119
15 51
17 115
19 44
19 48
19 81
19 82
19 88
19 111
20 21
22 12
23 64
23 65
23 66
23 67
23 68
23 69
23 70
23 72
27 69
27 104
33 4
33 5
33 8
33 15
33 18
33 19
33 20
33 21
33 22
33 23
33 24
33 25
33 26
33 27
33 29
33 31
33 49
33 50
33 51
33 52
33 53
33 54
33 55
33 56
33 57
33 58
33 59
33 60
33 61
33 62
33 63
33 95
33 97
33 98
33 99
33 100
33 101
33 105
33 106
33 107
33 109
33 110
33 111
34 0
34 1
34 2
34 4
34 5
34 6
34 8
34 13
34 16
34 17
34 18
34 19
34 20
34 21
34 22
34 23
34 24
34 25
34 26
34 27
34 28
34 29
34 30
34 31
34 32
34 33
34 34
34 35
34 36
34 37
34 38
34 39
34 40
34 41
34 42
34 43
34 44
34 46
34 47
34 48
34 49
34 50
34 51
34 52
34 53
34 54
34 55
34 56
34 57
34 58
34 59
34 60
34 61
34 62
34 63
34 64
34 65
34 66
34 67
34 69
34 70
34 71
34 72
34 73
34 74
34 75
34 76
34 77
34 78
34 80
34 81
34 82
34 84
34 85
34 86
34 87
34 88
34 89
34 90
34 91
34 92
34 93
34 94
34 95
34 113
34 114
34 115
34 116
34 117
34 118
34 119
34 120
34 121
34 122
34 123
34 124
34 125
34 126
35 4
35 53
37 0
37 1
37 2
37 3
37 4
37 5
37 6
37 7
37 8
37 28
37 30
37 32
37 33
37 34
37 35
37 36
37 37
37 38
37 39
37 40
37 41
37 42
37 43
37 44
37 45
37 46
37 47
37 48
37 49
37 50
37 51
37 52
37 53
37 54
37 55
37 56
37 57
37 58
37 59
37 60
37 61
37 62
37 63
37 64
37 65
37 66
37 67
37 68
37 69
37 70
37 71
37 72
37 73
37 74
37 75
37 76
37 77
37 78
37 79
37 80
37 81
37 82
37 83
37 84
37 85
37 86
37 87
37 88
37 89
37 90
37 91
37 92
37 93
37 94
37 95
37 96
37 97
37 98
37 99
37 100
37 101
37 102
37 103
37 104
37 105
37 106
37 107
37 108
37 109
37 110
37 111
37 115
38 0
38 1
38 2
38 3
38 4
38 5
38 6
38 7
38 8
38 9
38 11
38 12
38 14
38 15
38 16
38 17
38 18
38 19
38 20
38 21
38 22
38 23
38 24
38 25
38 26
38 27
38 28
38 29
38 30
38 31
38 32
38 33
38 34
38 35
38 36
38 37
38 38
38 39
38 41
38 42
38 43
38 45
38 48
38 64
38 65
38 66
38 67
38 68
38 69
38 70
38 71
38 72
38 73
38 74
38 75
38 76
38 77
38 78
38 79
38 96
38 97
38 98
38 99
38 100
38 101
38 102
38 103
38 105
38 106
38 107
38 108
38 109
38 110
38 111
38 112
38 113
38 114
38 115
38 116
38 117
38 118
38 119
38 120
38 121
38 122
38 123
38 124
38 125
38 126
38 127
40 1
40 4
40 5
40 7
40 8
40 10
40 11
40 13
40 14
40 15
40 113
40 115
40 117
40 118
40 120
40 126
40 127
41 0
41 1
41 3
41 4
41 5
41 6
41 7
41 8
41 9
41 10
41 11
41 12
41 13
41 14
41 15
41 16
41 18
41 19
41 20
41 21
41 22
41 23
41 25
41 26
41 27
41 29
41 31
41 33
41 35
41 36
41 37
41 38
41 41
41 42
41 43
41 44
41 45
41 47
41 49
41 50
41 51
41 53
41 56
42 0
42 1
42 2
42 3
42 4
42 5
42 6
42 7
42 11
42 12
42 13
42 75
42 79
44 58
45 2
45 8
45 13
45 14
45 15
45 23
45 26
45 31
45 40
45 73
45 96
45 97
45 98
45 99
45 100
45 101
45 102
45 103
45 104
45 105
45 106
45 107
45 108
45 109
45 110
45 111
45 112
45 113
45 114
45 115
45 116
45 117
45 118
45 119
45 120
45 121
45 122
45 123
45 124
45 125
45 126
45 127
46 2
46 44
46 64
46 65
46 66
46 67
46 68
46 69
46 70
46 71
46 72
46 73
46 74
46 75
46 76
46 77
46 78
46 79
46 80
46 81
46 82
46 83
46 84
46 85
46 86
46 87
46 88
46 89
46 91
46 92
46 93
46 94
46 95
46 96
46 97
46 98
46 99
46 100
46 101
46 102
46 105
46 106
46 107
46 108
46 109
46 110
46 111
46 112
46 113
46 114
46 115
46 116
46 117
46 118
46 119
46 120
46 121
46 122
46 123
46 124
46 125
46 126
46 127
47 21
47 22
47 24
47 31
47 39
47 46
47 47
47 88
47 112
47 113
47 114
47 116
47 118
47 119
47 122
47 123
47 125
48 63
48 65
48 71
48 81
48 82
48 83
48 86
49 0
49 1
49 2
49 3
49 4
49 5
49 6
49 7
49 8
49 9
49 10
49 11
49 12
49 13
49 14
49 15
49 16
49 17
49 18
49 19
49 20
49 21
49 22
49 23
49 24
49 25
49 26
49 27
49 29
49 30
49 31
49 36
49 37
49 38
49 39
49 41
49 46
49 48
49 49
49 50
49 51
49 54
49 55
49 57
50 1
50 2
50 3
50 4
50 5
50 6
50 7
50 8
50 9
50 10
50 11
50 15
50 16
50 18
50 19
50 22
50 26
50 30
50 36
50 59
51 5
51 33
51 51
51 58
51 63
51 104
51 110
51 113
51 114
51 116
51 118
51 119
51 124
51 125
52 7
52 10
52 11
52 13
52 15
52 17
52 19
52 21
52 26
52 70
52 77
52 83
52 87
52 120
52 125
52 126
53 77
53 88
53 89
53 92
53 95
53 97
53 99
53 100
53 108
53 112
53 118
53 120
53 122
53 123
53 124
53 125
53 126
53 127
54 68
54 69
54 71
54 73
54 74
54 75
54 76
54 77
54 79
54 80
54 82
54 84
54 85
54 87
54 88
54 89
54 90
54 91
54 92
54 93
54 94
54 95
54 96
54 97
54 98
54 99
54 100
54 101
54 102
54 103
54 105
54 106
54 107
54 108
54 109
54 110
54 111
54 112
54 113
54 114
54 115
54 116
54 117
54 118
54 119
54 120
54 121
54 122
54 123
54 124
54 125
54 126
54 127
55 112
56 24
56 25
56 64
56 65
56 66
56 67
56 68
56 69
56 70
56 71
56 72
56 74
56 75
56 87
56 89
56 91
56 92
56 93
56 94
56 95
56 96
56 97
56 98
56 99
56 100
56 101
56 102
56 103
56 104
56 105
56 106
56 107
56 108
56 109
56 110
56 111
56 112
56 113
56 114
56 115
56 116
56 117
56 118
56 119
56 120
56 121
56 122
56 123
56 124
56 125
56 126
56 127
57 0
57 1
57 2
57 3
57 5
57 6
57 7
57 8
57 11
57 12
57 14
57 15
57 18
57 19
57 20
57 21
57 22
57 23
57 24
57 25
57 26
57 28
57 29
57 31
57 32
57 33
57 34
57 35
57 36
57 37
57 38
57 39
57 40
57 41
57 42
57 43
57 44
57 45
57 46
57 47
57 48
57 49
57 50
57 51
57 52
57 53
57 54
57 55
57 56
57 57
57 58
57 59
57 60
57 61
57 62
57 63
57 64
57 65
57 66
57 67
57 68
57 69
57 70
57 71
57 72
57 73
57 74
57 75
57 76
57 77
57 78
57 79
57 80
57 81
57 82
57 83
57 84
57 85
57 86
57 87
57 88
57 89
57 90
57 91
57 92
57 93
57 94
57 95
57 97
57 98
57 100
57 101
57 102
57 103
57 104
57 105
57 106
57 107
57 109
57 110
57 111
57 112
57 113
57 114
57 115
57 117
57 119
57 125
58 1
58 2
58 3
58 5
58 6
58 7
58 8
58 11
58 25
58 27
58 28
58 29
58 32
58 33
58 35
58 36
58 37
58 38
58 39
58 40
58 41
58 42
58 43
58 44
58 45
58 46
58 47
58 48
58 49
58 50
58 51
58 52
58 53
58 54
58 55
58 56
58 57
58 58
58 59
58 60
58 61
58 62
58 63
58 64
58 65
58 66
58 67
58 68
58 69
58 70
58 71
58 72
58 73
58 74
58 75
58 76
58 77
58 78
58 79
58 80
58 81
58 82
58 83
58 84
58 85
58 86
58 87
58 88
58 89
58 90
58 91
58 92
58 93
58 94
58 95
58 96
58 97
58 98
58 99
58 100
58 101
58 102
58 103
58 104
58 105
58 106
58 107
58 108
58 109
58 110
58 111
58 112
58 113
58 114
58 115
58 117
58 118
58 119
58 122
61 5
61 7
61 9
61 14
61 15
61 16
61 17
61 18
61 19
61 20
61 21
61 22
61 23
61 24
61 25
61 26
61 27
61 28
61 29
61 30
61 31
61 32
61 33
61 34
61 35
61 36
61 37
61 38
61 39
61 40
61 41
61 42
61 43
61 44
61 45
61 46
61 47
61 48
61 49
61 50
61 51
61 52
61 53
61 54
61 55
61 56
61 57
61 58
61 59
61 60
61 61
61 62
61 63
61 64
61 65
61 66
61 67
61 68
61 69
61 70
61 71
61 72
61 73
61 74
61 75
61 76
61 77
61 78
61 79
61 80
61 81
61 82
61 83
61 84
61 85
61 86
61 87
61 88
61 89
61 90
61 91
61 92
61 93
61 94
61 95
61 96
61 97
61 98
61 99
61 116
61 117
61 118
61 119
61 120
61 121
61 122
61 123
61 124
61 125
61 126
61 127
62 7
62 8
62 10
62 11
62 12
62 14
62 15
62 16
62 17
62 18
62 19
62 20
62 21
62 22
62 23
62 24
62 26
62 27
62 28
62 29
62 30
62 31
62 32
62 33
62 34
62 35
62 36
62 37
62 38
62 39
62 40
62 41
62 42
62 43
62 44
62 45
62 46
62 47
62 48
62 49
62 50
62 51
62 52
62 53
62 54
62 55
62 56
62 57
62 58
62 59
62 60
62 61
62 62
62 63
62 64
62 65
62 66
62 67
62 68
62 69
62 70
62 71
62 72
62 73
62 74
62 75
62 76
62 77
62 78
62 79
62 80
62 81
62 82
62 83
62 84
62 85
62 86
62 87
62 88
62 89
62 90
62 91
62 92
62 93
62 94
62 95
62 96
62 97
62 98
62 99
62 100
62 101
62 102
62 103
62 104
62 105
62 106
62 107
62 108
62 109
62 110
62 111
62 112
62 113
62 114
62 115
62 116
62 117
62 118
62 119
62 120
62 121
62 122
62 123
62 124
62 125
62 126
62 127
63 0
63 1
63 2
63 3
63 4
63 5
63 6
63 7
63 8
63 9
63 10
63 11
63 12
63 13
63 14
63 15
63 16
63 17
63 18
63 19
63 20
63 21
63 22
63 23
63 24
63 25
63 26
63 27
63 28
63 29
63 30
63 31
63 34
63 35
63 38
63 52
63 53
63 54
63 55
63 56
63 57
63 58
63 59
63 60
63 61
63 62
63 63
63 127
