0 81
0 82
0 83
0 84
0 85
0 90
0 101
0 104
0 111
0 112
0 120
1 1
1 12
1 16
1 17
1 19
1 32
1 48
1 49
1 50
1 51
1 52
1 53
1 54
1 55
1 56
1 57
1 58
1 59
1 60
1 61
1 62
1 63
1 64
1 66
1 68
1 71
1 73
1 75
1 76
1 78
2 17
2 21
2 27
3 72
3 77
3 80
3 81
3 82
3 83
3 84
3 85
3 86
3 87
3 88
3 91
3 93
3 102
3 105
3 111
3 115
3 120
3 121
3 126
4 44
4 57
5 64
5 67
5 71
5 72
5 74
5 98
5 119
6 53
6 58
6 88
6 89
6 92
6 112
6 113
6 114
6 115
6 116
6 117
6 118
6 119
6 121
6 122
6 125
7 0
7 1
7 2
7 3
7 4
7 5
7 6
7 8
7 9
7 10
7 13
7 16
7 17
7 18
7 19
7 20
7 21
7 22
7 24
7 28
7 29
7 51
7 54
7 56
7 57
7 58
7 59
7 60
7 61
7 62
7 63
8 81
10 72
10 96
10 104
10 105
10 106
10 107
10 108
10 109
10 110
10 111
10 113
10 115
10 116
10 118
10 119
10 120
10 121
10 122
10 123
10 124
10 125
10 126
10 127
11 14
11 98
11 99
11 100
11 101
11 102
12 70
12 71
12 109
12 119
13 0
13 1
13 2
13 3
13 4
13 5
13 6
13 7
13 8
13 9
13 10
13 11
13 12
13 13
13 14
13 15
15 51
16 72
16 76
16 83
17 115
18 23
19 44
19 48
19 80
19 81
19 82
19 83
19 84
19 85
19 86
19 88
19 111
20 21
22 12
23 16
23 17
23 18
23 19
23 20
23 21
23 22
23 24
23 64
23 65
26 0
33 0
33 1
33 2
33 3
33 4
33 5
33 6
33 7
33 8
33 9
33 10
33 11
33 12
33 13
33 14
33 15
34 0
34 1
34 2
34 3
34 4
34 5
34 6
34 8
34 55
34 56
34 59
34 126
35 4
37 70
37 71
38 120
38 122
38 127
40 0
40 1
40 2
40 3
40 4
40 5
40 6
40 7
40 8
40 10
40 11
40 12
40 13
40 14
40 15
42 79
43 0
43 2
43 4
43 5
43 7
43 9
43 10
43 11
43 12
43 13
43 14
43 15
43 24
43 31
43 32
43 34
43 36
43 37
43 38
43 41
43 42
43 48
43 52
43 54
43 57
43 61
44 58
44 112
44 113
44 114
44 115
44 116
44 117
44 118
44 119
44 120
44 121
44 122
44 123
44 124
44 125
44 126
44 127
45 0
45 1
45 2
45 3
45 4
45 5
45 6
45 7
45 8
45 10
45 11
45 13
45 14
45 15
45 23
45 26
45 27
45 30
45 31
45 40
45 41
46 112
47 88
47 112
47 113
47 114
47 115
47 116
47 117
47 118
47 119
47 120
47 121
47 122
47 123
47 124
47 125
47 126
47 127
49 48
51 34
51 114
52 10
53 71
53 88
53 95
53 118
56 32
57 1
57 5
57 6
57 8
57 17
57 48
57 49
57 51
57 52
57 54
57 56
57 57
57 58
57 60
57 62
57 125
59 0
59 1
59 2
59 3
59 4
59 5
59 6
59 7
59 8
59 9
59 10
59 11
59 12
59 13
59 14
59 15
60 64
60 65
60 66
60 67
60 69
60 71
60 72
60 74
60 78
60 81
60 82
60 86
60 87
60 88
60 107
60 109
60 110
60 111
60 112
60 113
60 119
60 120
60 121
60 122
60 123
60 124
60 125
60 126
60 127
61 7
61 9
62 66
62 121
63 55
